y= [0.03600
0.03600
0.03600
0.03600
0.03600
0.03600
0.03600
0.03600
0.03600
0.03600
0.03600
0.03600
0.03600
0.03600
0.03600
0.03600
0.03600
0.03600
0.03600
0.03600
0.03600
0.03600
0.03600
0.03600
0.03600
0.03600
0.03600
0.03600
0.03600
0.03600
0.03600
0.03600
0.04000
0.04000
0.04000
0.04000
0.04000
0.04000
0.04000
0.04000
0.04000
0.04000
0.04000
0.04000
0.04000
0.04000
0.04000
0.04000
0.04000
0.04000
0.04000
0.04000
0.04000
0.04000
0.04000
0.04000
0.04000
0.04000
0.04000
0.04000
0.04000
0.04000
0.04000
0.04000
0.03600
0.03600
0.03600
0.03600
0.03600
0.03600
0.03600
0.03600
0.03600
0.03600
0.03600
0.03600
0.03600
0.03600
0.03600
0.03600
0.03600
0.03600
0.03600
0.03600
0.03600
0.03600
0.03600
0.03600
0.03600
0.03600
0.03600
0.03600
0.03600
0.03600
0.03600
0.03600
0.03600
0.03600
0.03600
0.03600
0.03600
0.03600
0.03600
0.03600
0.03600
0.03600
0.04000
0.04000
0.04000
0.04000
0.04000
0.04000
0.04000
0.04000
0.04000
0.03600
0.03600
0.03600
0.03600
0.03600
0.03600
0.03600
0.03600
0.03600
0.03600
0.03600
0.03600
0.03600
0.03600
0.03600
0.03600
0.03600
0.03600
0.03600
0.03600
0.03600
0.03600
0.03600
0.03600
0.03600
0.03600
0.03600
0.03600
0.03600
0.03600
0.03600
0.03600
0.03600
0.03600
0.03600
0.03600
0.03600
0.03600
0.03600
0.03600
0.03600
0.03600
0.03600
0.04000
0.04000
0.04000
0.04000
0.04000
0.04000
0.04000
0.04000
0.04000
0.04000
0.04000
0.04000
0.04000
0.04000
0.04000
0.04000
0.04000
0.04000
0.04000
0.04000
0.04000
0.04400
0.04400
0.04400
0.04400
0.04400
0.04400
0.04400
0.04400
0.04400
0.04400
0.04400
0.04400
0.04400
0.04000
0.04000
0.04000
0.04000
0.04000
0.04000
0.04000
0.04000
0.04000
0.04000
0.04000
0.04000
0.04000
0.04000
0.04000
0.04000
0.04000
0.04000
0.04000
0.04000
0.04000
0.03600
0.03600
0.03600
0.03600
0.03600
0.03600
0.03600
0.03600
0.03600
0.03600
0.03600
0.03600
0.03600
0.03600
0.03600
0.03600
0.03600
0.03600
0.03600
0.03600
0.03600
0.03600
0.03600
0.03600
0.03600
0.03600
0.03600
0.03600
0.03600
0.03600
0.03600
0.03600
0.03600
0.03600
0.03600
0.03600
0.03600
0.03600
0.03600
0.03600
0.03600
0.03600
0.03600
0.03600
0.03600
0.04000
0.04000
0.04000
0.04000
0.04000
0.04000
0.04000
0.04000
0.04000
0.04000
0.04000
0.04000
0.04000
0.04000
0.04000
0.04000
0.04000
0.04000
0.04000
0.04000
0.04000
0.04000
0.04000
0.04400
0.04400
0.04400
0.04400
0.04400
0.04400
0.04400
0.04400
0.04400
0.04400
0.04400
0.04400
0.04400
0.04400
0.04400
0.04400
0.04400
0.04400
0.04400
0.04400
0.04400
0.04400
0.04400
0.04400
0.04400
0.04400
0.04400
0.04400
0.04400
0.04400
0.04400
0.04400
0.04400
0.04400
0.04400
0.04400
0.04400
0.04400
0.04400
0.04400
0.04400
0.04400
0.04400
0.04400
0.04400
0.04400
0.04400
0.04400
0.04400
0.04400
0.04400
0.04400
0.04400
0.04400
0.04400
0.04400
0.04400
0.04400
0.04000
0.04000
0.04000
0.04000
0.04000
0.04000
0.04000
0.04000
0.04000
0.04000
0.04000
0.04000
0.04000
0.04000
0.04000
0.04000
0.04000
0.04000
0.04000
0.04000
0.04000
0.04000
0.04000
0.04000
0.04000
0.04000
0.04000
0.04000
0.04000
0.04000
0.04000
0.04000
0.04000
0.04000
0.04000
0.04000
0.04000
0.04000
0.04000
0.04000
0.04000
0.04000
0.04400
0.04400
0.04400
0.04400
0.04400
0.04400
0.04400
0.04400
0.04400
0.04000
0.04000
0.04000
0.04000
0.04000
0.04000
0.04000
0.04000
0.04000
0.04000
0.04000
0.04000
0.04000
0.04000
0.04000
0.04000
0.04000
0.04000
0.04000
0.04000
0.04000
0.04000
0.04000
0.04000
0.04000
0.04000
0.04000
0.04000
0.04000
0.04000
0.04000
0.04000
0.04000
0.04000
0.04000
0.04000
0.04000
0.04000
0.04000
0.04000
0.04000
0.04000
0.04400
0.04400
0.04400
0.04400
0.04400
0.04400
0.04400
0.04400
0.04400
0.04400
0.04400
0.04400
0.04400
0.04400
0.04400
0.04400
0.04400
0.04400
0.04400
0.04400
0.04400
0.04400
0.04400
0.04400
0.04400
0.04400
0.04400
0.04400
0.04400
0.04400
0.04400
0.04400
0.04400
0.04400
0.04400
0.04400
0.04400
0.04400
0.04400
0.04400
0.04400
0.04400
0.04400
0.04400
0.04400
0.04400
0.04400
0.04400
0.04400
0.04400
0.04400
0.04400
0.04400
0.04400
0.04400
0.04400
0.04400
0.04400
0.04400
0.04400
0.04400
0.04400
0.04400
0.04400
0.04400
0.04400
0.04400
0.04400
0.04400
0.04400
0.04400
0.04400
0.04400
0.04400
0.04400
0.04400
0.04400
0.04400
0.04400
0.04400
0.04400
0.04400
0.04400
0.04400
0.04400
0.04400
0.04400
0.04400
0.04400
0.04400
0.04400
0.04400
0.04400
0.04400
0.04400
0.04400
0.04400
0.04400
0.04400
0.04400
0.04400
0.04400
0.04400
0.04400
0.04400
0.04400
0.04400
0.04400
0.04400
0.04400
0.04400
0.04400
0.04400
0.04000
0.04400
0.04000
0.04000
0.04000
0.04000
0.04000
0.04000
0.04400
0.04000
0.04400
0.04400
0.04400
0.04400
0.04400
0.04400
0.04400
0.04400
0.04400
0.04400
0.04400
0.04400
0.04400
0.04400
0.04400
0.04400
0.04400
0.04800
0.04800
0.04800
0.04800
0.04800
0.04800
0.04800
0.04800
0.04800
0.04800
0.04800
0.04800
0.05200
0.05200
0.05200
0.05200
0.05200
0.05200
0.05200
0.05200
0.05200
0.05200
0.05200
0.05200
0.05200
0.05200
0.05200
0.05200
0.05200
0.05200
0.05200
0.05600
0.05600
0.05600
0.05600
0.05600
0.05600
0.05600
0.05600
0.05600
0.05600
0.05600
0.05600
0.05200
0.05200
0.05200
0.05200
0.05200
0.05200
0.05200
0.05200
0.05200
0.05200
0.05200
0.05200
0.05200
0.05200
0.05200
0.05200
0.05200
0.05200
0.05200
0.05200
0.05200
0.05200
0.05200
0.05200
0.05200
0.05200
0.05200
0.05200
0.05200
0.05200
0.05200
0.05200
0.05200
0.05200
0.05200
0.05200
0.05200
0.05200
0.05200
0.05200
0.05200
0.05200
0.05600
0.05600
0.05600
0.05600
0.05600
0.05600
0.05600
0.05600
0.05600
0.05600
0.05600
0.05600
0.05600
0.05600
0.05600
0.05600
0.05600
0.05600
0.05600
0.05600
0.05600
0.05600
0.05600
0.05600
0.05600
0.05600
0.05600
0.05600
0.05600
0.05600
0.05600
0.05600
0.05600
0.05600
0.05600
0.05600
0.05600
0.05600
0.05600
0.05600
0.05600
0.05600
0.05600
0.05600
0.05600
0.05600
0.05600
0.05600
0.05600
0.05600
0.05600
0.06000
0.06000
0.06000
0.06000
0.06000
0.06000
0.06000
0.06000
0.06000
0.06000
0.06000
0.06000
0.06000
0.06000
0.06000
0.06000
0.06000
0.06000
0.06000
0.06000
0.06000
0.06000
0.06000
0.06400
0.06400
0.06400
0.06400
0.06400
0.06400
0.06400
0.06400
0.06400
0.06400
0.06400
0.06400
0.06400
0.06400
0.06400
0.06400
0.06400
0.06400
0.06400
0.06400
0.06400
0.06400
0.06400
0.06400
0.06400
0.06400
0.06400
0.06400
0.06400
0.06400
0.06400
0.06400
0.06400
0.06400
0.06400
0.06400
0.06400
0.06400
0.06400
0.06400
0.06400
0.06800
0.06800
0.06800
0.06800
0.06800
0.06800
0.06800
0.06800
0.06800
0.06800
0.06800
0.06800
0.07200
0.07200
0.07200
0.07200
0.07200
0.07200
0.07200
0.07200
0.07200
0.07200
0.07200
0.07200
0.07200
0.07200
0.07200
0.07200
0.07200
0.07200
0.07200
0.07200
0.07200
0.07200
0.07200
0.07200
0.07600
0.07600
0.07600
0.07600
0.07600
0.07600
0.07600
0.07600
0.07600
0.07600
0.07600
0.07600
0.07600
0.07600
0.07600
0.08000
0.08000
0.08000
0.08000
0.08000
0.08000
0.08000
0.08000
0.08000
0.08000
0.08000
0.08400
0.08400
0.08400
0.08400
0.08400
0.08400
0.08400
0.08400
0.08400
0.08800
0.08800
0.08800
0.08800
0.08800
0.08800
0.08800
0.08800
0.08800
0.09200
0.09200
0.09200
0.09200
0.09200
0.09200
0.09200
0.09600
0.09600
0.09600
0.09600
0.09600
0.09600
0.09600
0.09600
0.09600
0.10000
0.10000
0.10000
0.10000
0.10000
0.10000
0.10000
0.10000
0.10400
0.10400
0.10400
0.10400
0.10400
0.10400
0.10400
0.10400
0.10800
0.10800
0.10800
0.10800
0.10800
0.10800
0.10800
0.10800
0.10800
0.11200
0.11200
0.11200
0.11200
0.11200
0.11200
0.11200
0.11200
0.11200
0.11600
0.11600
0.11600
0.11600
0.11600
0.11600
0.11600
0.11600
0.12000
0.12000
0.12000
0.12000
0.12000
0.12000
0.12400
0.12400
0.12400
0.12400
0.12400
0.12400
0.12400
0.12800
0.12800
0.12800
0.12800
0.12800
0.12800
0.13200
0.13200
0.13200
0.13200
0.13200
0.13200
0.13600
0.13600
0.13600
0.13600
0.13600
0.13600
0.14000
0.14000
0.14000
0.14000
0.14000
0.14000
0.14000
0.14400
0.14400
0.14400
0.14400
0.14400
0.14400
0.14800
0.14800
0.14800
0.14800
0.14800
0.14800
0.15200
0.15200
0.15200
0.15200
0.15200
0.15600
0.15600
0.15600
0.15600
0.16000
0.16000
0.16000
0.16000
0.16000
0.16400
0.16400
0.16400
0.16400
0.16800
0.16800
0.16800
0.17200
0.17200
0.17200
0.17200
0.17600
0.17600
0.17600
0.18000
0.18000
0.18000
0.18000
0.18400
0.18400
0.18400
0.18800
0.18800
0.18800
0.19200
